flexion_:0.129968 0.137736 0.168993 0.216041 0.242551 0.250296 0.253481 0.247007 0.233938 0.216416 0.196937 0.176338 0.155013 0.134014 0.113565 0.093702 0.075195 0.058152 0.043067 0.029895 0.018792 0.009022 0.000330 -0.007899 -0.015612 -0.023356 -0.030931 -0.038352 -0.045587 -0.052277 -0.058701 -0.064972 -0.071579 -0.078521 -0.086300 -0.094940 -0.104171 -0.113914 -0.124156 -0.135268 -0.146789 -0.158324 -0.169681 -0.180430 -0.190130 -0.198383 -0.204974 -0.209835 -0.212217 -0.212199 -0.208833 -0.201536 -0.188603 -0.169286 -0.142847 -0.110388 -0.071015 -0.024681 0.029030 0.087603 0.147708 0.204260 0.254041 0.295151 0.326677 0.345327 0.350020 0.340871 0.322217 0.299244 0.274908 0.251829 0.229690 0.209017 0.190087 0.172892 0.157211 0.143158 0.130963 0.120892 0.113252 0.107888 0.104849 0.104521 0.106752 0.111597 0.118310 0.126429 0.134357 0.141286 0.145700 0.146966 0.144998 0.139973 0.134225 0.129279 0.126386 0.125849 0.127105 0.129568 
inversion_:-0.039863 -0.054823 -0.070339 -0.079486 -0.077734 -0.076936 -0.082607 -0.095753 -0.111177 -0.121975 -0.126568 -0.126478 -0.121839 -0.115668 -0.109012 -0.102763 -0.097561 -0.093496 -0.089799 -0.086793 -0.083866 -0.080690 -0.077288 -0.072912 -0.067136 -0.061070 -0.054353 -0.048060 -0.041884 -0.035737 -0.030729 -0.025828 -0.020931 -0.015872 -0.011118 -0.006220 -0.000684 0.005290 0.011610 0.019372 0.027833 0.036899 0.046076 0.055244 0.064093 0.071934 0.078781 0.085005 0.090907 0.097024 0.101471 0.104111 0.104064 0.101136 0.093870 0.085185 0.073404 0.062225 0.049720 0.036791 0.023526 0.010832 -0.002588 -0.016922 -0.033080 -0.050318 -0.069798 -0.089228 -0.107959 -0.123254 -0.136427 -0.145427 -0.152376 -0.157901 -0.161966 -0.165627 -0.168544 -0.170668 -0.172283 -0.173699 -0.174991 -0.176270 -0.176712 -0.175170 -0.172690 -0.168283 -0.161364 -0.151681 -0.138569 -0.121677 -0.102492 -0.080531 -0.059621 -0.038643 -0.022006 -0.013287 -0.011373 -0.015396 -0.025190 -0.039876 
M_x_d_:0.032030 0.449032 1.039605 1.801531 2.717927 3.759320 4.886816 6.056409 7.223470 8.346793 9.391721 10.332088 11.150978 11.840474 12.400643 12.838120 13.190159 13.409650 13.548014 13.669021 13.720191 13.790629 13.846662 13.880927 13.951741 14.172849 14.258867 14.550842 14.754832 15.117988 15.437857 15.816844 16.244214 16.684872 17.083028 17.524123 17.940551 18.261971 18.526187 18.679578 18.705358 18.888628 19.357018 19.992178 20.642050 21.160951 21.476190 21.278677 20.225048 18.170548 15.646095 12.948949 10.659025 8.509817 6.478397 4.723432 3.109299 1.653522 0.647402 0.169367 -0.020824 -0.095632 -0.128145 -0.137550 -0.136337 -0.129765 -0.118563 -0.103937 -0.087409 -0.070614 -0.055091 -0.042106 -0.032519 -0.026729 -0.024691 -0.025994 -0.029991 -0.035932 -0.043095 -0.050871 -0.058807 -0.066585 -0.073966 -0.080707 -0.086488 -0.090867 -0.093288 -0.093151 -0.089933 -0.083334 -0.073424 -0.060751 -0.046367 -0.031764 -0.018711 -0.009010 -0.004209 -0.005330 -0.012664 -0.025654 
M_y_d_:-4.328156 -6.806300 -9.291368 -11.573984 -13.466389 -14.827318 -15.577799 -15.706527 -15.264387 -14.350393 -13.092400 -11.626231 -10.076430 -8.541130 -7.082470 -5.723107 -4.434264 -3.209608 -1.956872 -0.591709 0.905656 2.628591 4.566611 6.670563 8.989998 11.446654 13.927959 16.477229 18.951904 21.435437 23.921953 26.461643 29.122843 31.991431 35.096363 38.529446 42.326401 46.511407 51.102203 55.996824 61.180061 66.597243 72.166381 77.590681 82.830782 87.604379 91.638764 94.632827 96.433942 96.326724 94.487173 90.601943 84.769642 77.090733 67.893585 57.525366 46.637895 35.708847 25.394995 16.176477 8.438577 2.410556 -1.847435 -4.434974 -5.582332 -5.607703 -4.868321 -3.713324 -2.444964 -1.292616 -0.401303 0.166030 0.415314 0.401254 0.204702 -0.088461 -0.403908 -0.689101 -0.916743 -1.082128 -1.196028 -1.275240 -1.333130 -1.372257 -1.380683 -1.332873 -1.195176 -0.935047 -0.532323 0.009654 0.655583 1.334736 1.944121 2.358864 2.449000 2.100470 1.236768 -0.162776 -2.052797 -4.320285 
